20040310	20040309151 20040309152 20040309153 20040309154
20040318	20040309152 20040309151 20040309153 20040309154
20040331	2004033149 2004033146 2004033144 2004033142
20040427	2004042757 2004042755 2004033149 2004033146
20040526	2004052659 2004042757 2004042755 2004033149
20040526	2004052758 2004042757 2004042755 2004033149
20040528	2004052843 2004052758 2004042757 2004042755
20040601	2004052843 2004042757 2004042755
20040608	2004052843 2004042758 2004042757 2004042755
20040614	2004061441 2004061440 2004052843 2004042758
20040702	200407227 200407244 2004061441 2004061440
20040702	200407244 2004061441 2004061440 2004052843
20040705	200407227 200407244 2004061441 2004061440 2004052843 2004042758
20040716	200407167 200407227 200407244 2004061441 2004061440 2004052843
20040719	2004071939 200407167 200407227 200407244 2004061441 2004061440
20040720	2004071939 200407167 200407227 200407244
20040721	2004071939 200407167 200407227 200407244 20040721151 20040721152
20040806	20040862 2004071939 200407167 200407227 200407244 20040721151
20040806	200408656 20040862 2004071939 200407167 200407227 200407244
20040809	20040809072 20040809071 2004071939 200407167
20040809	200408656 20040862 2004071939 200407167
20040811	20040809072 20040809071 2004071939 200407167
20040906	20040965 200409619 20040809072 20040809071 2004071939 200407167
20041101	200411111 20040965 200409619 20040809072 20040809071 2004071939
20041105	200411111 20040965 200409619 20040809072
20041116	2004111643 2004111620 2004111640 200411111 
